OVERALL STATS
SPIN COUNT	1000000
TOTAL WIN	1185108.5
BASE WIN	1148406.0
FREE WIN	36702.5
FREE TRIGGERS	3858

RTP	118.51084999999999
TOTAL WIN DIST	 4.822974869645058
0	776561
4.0	23901
2.0	38654
5.0	20300
7.0	2415
20.0	6095
3.0	12300
0.5	54950
4.5	2532
1.0	13462
9.0	1023
8.0	9516
17.5	86
9.5	117
25.0	336
12.0	2695
16.0	6413
17.0	389
28.5	25
30.5	60
45.0	64
30.0	428
23.0	209
1.5	1380
2.5	3899
40.0	1707
14.0	196
3.5	1492
5.5	3823
10.5	535
15.0	217
21.5	83
100.5	77
108.0	9
13.0	484
10.0	2252
6.0	1972
8.5	864
22.0	702
18.0	391
12.5	389
6.5	388
36.0	68
7.5	738
120.0	42
38.5	5
122.0	7
19.0	146
19.5	30
14.5	49
20.5	802
24.0	261
15.5	55
40.5	238
105.0	19
11.0	289
102.0	48
56.0	141
100.0	419
16.5	651
27.0	51
42.5	22
21.0	382
32.5	50
37.0	18
44.0	65
34.0	30
61.5	5
32.0	263
101.0	17
42.0	108
13.5	154
28.0	234
101.5	7
103.0	10
22.5	87
27.5	21
41.0	78
120.5	14
51.5	1
142.0	1
23.5	33
122.5	8
24.5	51
129.0	1
44.5	16
58.0	8
48.0	22
11.5	90
125.0	13
33.0	33
18.5	59
29.0	14
60.0	23
41.5	17
52.5	2
43.0	30
31.0	17
48.5	8
26.0	29
110.0	11
26.5	19
31.5	7
102.5	12
80.0	13
46.5	5
104.5	7
25.5	103
63.0	2
49.0	8
35.5	10
50.0	23
61.0	4
33.5	7
106.5	1
36.5	9
96.0	1
65.5	1
49.5	2
47.0	8
51.0	1
46.0	21
43.5	6
107.0	8
45.5	20
35.0	19
29.5	7
104.0	20
54.0	2
52.0	13
66.0	1
85.5	1
126.0	2
106.0	3
96.5	1
67.0	1
57.5	1
69.0	1
56.5	7
116.0	6
53.0	3
39.5	2
108.5	1
50.5	5
37.5	5
140.0	2
39.0	2
38.0	10
105.5	4
64.5	1
60.5	5
70.5	2
34.5	12
110.5	4
111.0	1
103.5	4
57.0	5
58.5	4
70.0	4
117.0	1
128.0	1
47.5	5
125.5	2
109.0	1
89.5	1
81.0	1
55.0	4
62.5	2
118.0	1
121.0	4
82.0	1
80.5	2
74.5	1
140.5	1
72.0	2
79.5	1
65.0	1
133.0	1
109.5	1
62.0	1
55.5	1
59.5	1
72.5	1
112.0	1

BASE WIN DIST	 4.702908372397234
0	779580
4.0	23717
2.0	38553
5.0	20153
7.0	2339
20.0	6055
3.0	12163
0.5	54742
4.5	2441
1.0	13316
9.0	960
8.0	9440
25.0	310
12.0	2651
16.0	6361
17.0	367
28.5	21
30.5	51
45.0	59
30.0	413
23.0	198
1.5	1331
2.5	3788
40.0	1693
14.0	171
3.5	1424
5.5	3717
10.5	493
100.5	72
108.0	8
13.0	434
10.0	2180
6.0	1865
22.0	669
8.5	809
18.0	354
12.5	351
36.0	61
7.5	679
6.5	341
120.0	42
19.0	135
19.5	23
14.5	39
20.5	762
24.0	248
40.5	230
11.0	245
102.0	46
56.0	140
15.5	40
15.0	193
16.5	634
27.0	46
42.5	19
17.5	73
21.0	361
100.0	415
32.5	43
44.0	57
105.0	17
9.5	78
34.0	26
61.5	2
32.0	254
101.0	17
42.0	102
21.5	71
13.5	135
28.0	219
101.5	7
103.0	8
22.5	72
41.0	71
37.0	10
120.5	14
122.5	8
24.5	40
44.5	12
58.0	8
11.5	70
125.0	13
33.0	26
18.5	45
29.0	10
60.0	23
52.5	2
48.0	18
23.5	25
43.0	27
31.0	11
48.5	5
26.0	21
110.0	8
27.5	11
31.5	5
102.5	10
80.0	13
46.5	3
104.5	6
25.5	87
63.0	1
49.0	4
35.5	6
50.0	21
61.0	2
33.5	5
36.5	5
96.0	1
65.5	1
47.0	3
26.5	10
46.0	19
107.0	6
45.5	19
35.0	14
41.5	10
104.0	20
54.0	1
122.0	5
66.0	1
126.0	2
96.5	1
56.5	7
116.0	5
140.0	1
38.0	9
105.5	4
29.5	4
60.5	5
70.5	2
34.5	9
50.5	3
110.5	4
106.0	1
103.5	2
57.0	5
58.5	4
43.5	4
70.0	4
128.0	1
47.5	2
125.5	2
55.0	2
62.5	2
121.0	4
37.5	4
82.0	1
80.5	2
52.0	9
74.5	1
140.5	1
72.0	2
49.5	1
133.0	1
38.5	2
72.5	1
112.0	1

FREE WIN DIST	 14.937406662990472
17.5	13
9.5	37
15.0	24
21.5	14
4.5	92
6.5	42
9.0	63
3.0	140
2.0	200
1.5	53
38.5	3
14.0	26
122.0	2
5.5	107
0.5	278
1.0	152
0	610
15.5	11
105.0	2
4.0	191
22.0	33
100.0	4
8.0	107
11.0	38
2.5	110
37.0	8
8.5	51
24.0	13
16.5	17
40.5	8
6.0	110
28.5	5
12.0	41
7.0	76
3.5	66
19.5	7
5.0	204
22.5	13
27.5	10
16.0	53
12.5	31
17.0	20
10.5	37
25.0	25
20.5	40
10.0	73
51.5	1
142.0	1
56.5	1
23.5	8
42.0	7
28.0	12
13.0	45
129.0	1
14.5	8
44.0	7
48.0	4
18.0	33
13.5	18
18.5	13
20.0	53
41.5	7
7.5	56
26.5	9
41.0	7
11.5	22
104.5	2
30.0	14
19.0	11
21.0	22
49.5	1
61.5	2
26.0	7
51.0	1
45.0	5
63.0	1
33.5	2
32.0	8
32.5	7
46.5	2
43.5	2
29.0	5
29.5	2
48.5	3
25.5	16
23.0	11
52.0	5
107.0	2
27.0	5
85.5	1
42.5	3
104.0	1
103.0	1
24.5	10
67.0	1
57.5	1
31.0	6
69.0	1
33.0	7
40.0	15
53.0	3
39.5	1
100.5	6
108.5	1
50.5	2
37.5	2
39.0	2
36.0	6
140.0	1
64.5	1
47.0	5
111.0	1
30.5	9
117.0	1
49.0	2
116.0	1
109.5	2
110.0	2
103.5	2
109.0	1
61.0	2
43.0	3
89.5	1
34.0	4
81.0	1
45.5	2
118.0	1
106.0	1
35.5	3
34.5	3
35.0	4
44.5	4
55.0	2
38.0	1
46.0	2
102.5	1
36.5	3
101.0	1
56.0	1
47.5	2
79.0	1
50.0	1
65.0	1
60.0	1
55.5	1
102.0	2
59.5	1
108.0	1

